4
4
4
4
4
4
4
4
4
4
2
2
4
4
4
4
4
4
4
4
6
5
5
5
5
5
5
5
5
5
2
2
5
5
5
5
5
5
5
6
6
2
2
2
2
2
2
2
2
2
2
2
2
2
2
2
2
2
2
6
6
2
2
2
2
2
2
2
2
2
2
2
2
2
2
2
2
2
2
6
6
2
2
2
2
2
2
2
2
2
2
2
2
2
2
2
2
2
2
6
6
2
2
2
2
2
2
2
2
2
2
2
2
2
2
2
2
2
2
6
6
2
2
2
2
2
2
2
2
2
2
2
2
2
2
2
2
2
2
6
6
2
2
2
7
8
9
2
2
2
2
2
2
2
2
2
2
2
2
6
6
2
2
2
13
14
15
2
2
2
2
2
2
2
2
2
2
2
2
6
6
2
2
2
16
17
18
2
2
2
2
2
2
2
2
2
2
2
2
6
6
2
2
2
22
23
24
2
2
2
2
2
2
2
2
2
2
2
2
6
6
2
2
2
2
2
2
2
2
2
2
2
2
2
2
2
2
2
2
6
6
2
2
2
2
2
2
2
2
2
2
2
2
2
2
2
2
2
2
6
6
2
2
2
2
2
2
2
2
2
2
2
2
2
2
2
2
2
2
6
6
2
2
2
2
2
2
2
2
2
2
2
2
2
2
2
2
2
2
6
6
2
2
2
2
2
2
2
2
2
2
2
2
2
2
2
2
2
2
6
6
2
2
2
2
2
2
2
2
2
2
2
2
2
2
2
2
2
2
6
6
2
2
2
2
2
2
2
2
2
2
2
2
2
2
2
2
2
2
6
6
4
4
4
4
4
4
4
4
4
4
4
4
4
4
4
4
4
4
6
5
5
5
5
5
5
5
5
5
5
5
5
5
5
5
5
5
5
5
5
