1
1
1
1
1
1
1
1
1
1
1
1
1
1
1
1
1
1
1
1
1
1
1
1
1
1
1
1
1
1
1
1
1
1
1
1
1
1
1
1
1
1
1
1
1
1
1
1
1
1
1
1
1
1
1
1
1
1
1
1
1
1
1
1
1
1
1
1
1
1
1
1
1
1
1
1
1
1
1
1
1
1
1
1
44
44
44
44
44
44
44
44
44
44
44
44
44
1
1
1
1
1
1
1
26
46
46
46
46
46
46
46
46
46
46
46
46
1
1
1
1
1
1
1
27
25
25
25
25
25
25
25
25
25
25
25
25
1
1
1
1
1
1
1
28
25
25
25
25
25
25
25
25
25
25
25
25
1
1
1
1
1
1
1
25
25
25
25
25
25
25
25
25
25
25
25
25
1
1
1
1
1
1
1
25
25
25
25
25
25
25
25
25
25
25
25
25
1
1
1
1
1
1
1
25
25
25
25
25
25
25
25
25
25
25
25
25
1
1
1
1
1
1
1
25
25
25
25
31
35
36
37
33
25
25
25
25
1
1
1
1
1
1
1
25
25
25
25
32
41
42
43
34
25
25
25
25
1
1
1
1
1
1
1
25
25
25
25
25
25
25
25
25
25
25
25
25
1
1
1
1
1
1
1
25
25
25
25
25
25
25
25
25
25
25
25
25
1
1
1
1
1
1
1
25
25
25
25
25
29
30
25
25
25
25
25
25
1
1
1
1
1
1
1
1
1
1
1
1
1
1
1
1
1
1
1
1
1
1
1
1
1
1
1
1
1
1
1
1
1
1
1
1
1
1
1
1
1
1
1
1
1
1
1
1
1
1
1
1
1
1
1
1
1
1
1
1
1
1
1
1
1
1
1
1
1
1
1
1
1
1
1
1
1
1
1
1
1
1
1
